47
88
35
42
17
47
35
10
63
98
71
6
88
48
74
49
13
22
52
71
74
96
5
93
40
41
35
81
30
54
59
29
94
95
72
12
42
7
74
57
5
46
63
93
94
37
95
59
12
99
30
38
95
87
32
36
81
19
69
63
73
28
92
67
75
64
31
17
23
58
74
29
56
90
74
2
27
21
62
91
20
92
30
16
80
62
4
61
33
73
76
6
53
68
25
29
85
57
98
8
15
25
89
23
15
16
25
94
89
87
86
10
80
68
78
12
30
34
25
15
59
1
21
64
21
46
93
6
55
44
67
22
69
8
45
84
76
23
78
66
10
16
28
42
84
58
54
14
44
31
29
3
84
2
67
6
1
13
64
8
57
83
31
26
44
28
10
72
51
40
90
14
57
18
56
41
28
63
8
72
46
89
27
31
44
95
37
45
8
53
5
17
89
88
43
33
17
5
5
20
45
96
86
54
66
43
96
47
58
56
19
4
45
99
35
89
94
24
86
54
78
92
71
19
80
66
52
49
23
9
70
20
5
8
75
24
51
23
71
61
79
42
66
24
41
53
14
87
78
52
41
8
44
64
27
25
