1
5
1
17
71
70
33
61
84
92
0
58
35
51
34
33
11
18
1
42
34
58
20
58
48
77
39
57
47
71
40
48
28
93
17
99
63
51
12
47
95
13
58
30
16
92
63
27
63
65
21
97
75
41
8
75
70
99
32
17
22
24
17
51
17
35
2
80
86
15
80
81
28
90
63
96
82
27
24
97
44
97
47
19
91
55
94
61
6
78
31
29
54
48
32
71
35
34
3
21
49
83
54
29
25
18
26
60
97
2
57
41
99
4
60
42
11
6
56
18
84
87
99
38
87
31
61
23
65
64
96
67
0
3
96
25
21
74
85
18
76
95
11
28
99
23
70
11
29
26
29
65
65
80
55
53
11
16
28
28
32
76
95
84
79
44
62
0
18
99
70
47
94
81
75
94
56
97
57
85
24
38
50
41
18
57
94
81
25
74
9
58
51
57
94
30
1
56
83
71
56
53
18
2
87
45
96
95
43
53
81
19
91
83
60
61
41
7
42
66
81
52
76
84
61
71
15
14
79
98
85
35
3
56
38
42
1
86
38
44
92
71
15
35
6
76
97
99
83
39
18
16
43
94
1
4
17
68
70
97
66
8
84
21
16
74
16
17
61
6
14
53
77
29
88
83
57
37
83
92
77
1
9
20
47
10
77
65
78
99
14
96
7
98
69
23
73
85
93
86
91
7
91
20
88
31
56
46
69
91
38
46
44
99
18
91
61
95
8
91
95
22
87
54
73
9
78
98
46
23
84
90
82
75
10
70
58
18
68
27
9
59
73
53
58
92
97
72
39
5
63
86
80
3
93
5
12
23
3
10
46
39
0
28
66
63
98
24
81
19
52
91
30
77
96
88
21
93
12
61
51
76
99
83
79
92
88
43
15
43
53
61
82
54
41
0
69
40
24
50
11
28
93
41
6
90
81
27
35
94
40
86
70
92
21
1
84
61
96
52
4
49
65
38
55
7
38
24
99
15
75
10
43
20
3
1
10
84
29
98
30
21
84
52
13
58
53
50
19
49
2
76
51
67
14
6
26
5
83
25
72
10
87
67
30
90
69
93
27
50
91
9
71
27
62
85
85
67
87
57
69
89
33
20
8
99
78
35
56
13
12
28
23
52
48
54
94
69
99
21
19
90
31
42
17
45
79
3
12
66
60
33
55
45
53
16
44
84
51
1
97
15
81
73
67
81
79
62
50
78
35
69
68
18
12
85
63
91
40
28
58
52
61
65
97
67
81
94
3
84
47
0
0
28
25
19
62
4
81
12
82
17
82
50
87
46
88
51
89
28
31
99
33
92
65
82
11
98
76
14
83
23
67
35
4
92
54
66
97
36
78
79
5
12
30
92
58
70
95
0
98
26
99
83
71
16
66
82
15
42
97
98
18
64
85
22
8
39
40
5
27
18
85
32
83
67
77
93
37
72
93
87
51
93
23
74
9
89
8
76
83
5
26
1
21
11
75
30
51
15
87
78
86
72
63
69
91
92
62
80
64
56
68
67
1
91
41
62
32
50
39
15
7
65
17
81
77
44
63
80
60
50
10
46
75
25
15
18
17
29
99
34
85
67
1
38
10
95
1
42
97
92
9
56
9
78
89
38
23
52
18
83
55
81
81
82
6
96
0
24
77
99
58
63
18
11
53
80
6
6
74
55
98
84
12
8
62
1
98
85
6
17
68
13
50
1
47
56
49
47
32
27
99
90
90
69
2
95
50
60
2
24
68
52
8
80
60
23
33
59
8
91
28
29
4
78
30
51
86
80
51
19
7
2
61
49
23
15
44
25
28
98
50
96
51
10
28
11
33
61
22
94
53
2
23
9
32
5
13
19
85
16
90
44
70
3
93
93
19
90
19
47
88
21
95
39
83
23
3
69
36
77
63
41
80
38
51
64
43
16
35
81
84
25
25
54
29
71
47
0
61
18
99
1
39
94
41
23
69
44
92
5
73
7
47
53
45
50
18
40
66
53
21
50
31
99
56
12
70
3
12
83
22
11
84
13
57
25
36
26
21
80
31
95
39
30
0
84
80
70
77
98
24
98
48
7
49
56
19
19
60
83
2
34
46
39
47
3
64
36
81
38
68
64
33
8
95
85
44
75
56
21
74
32
72
74
39
21
31
10
93
43
93
47
77
39
86
76
94
3
64
75
41
33
39
26
41
34
11
37
62
19
11
88
51
83
62
90
56
45
0
1
40
45
49
69
84
87
46
78
90
10
5
83
95
97
9
88
83
73
26
45
92
37
33
96
72
48
38
28
